t_s<-7750
s_aft<-50
s_ft<-2050
p_aft=((50/7750)/(2050/7750))
p_af